0.5078178792390532
0.4294364196940776
0.08687808776988208
0.035296692800035
0.3228427914284482
0.056409946381414396
0.02622425167405844
0.18186303101123397
0.1714694441031126
0.4595631382616321
0.3551274311925805
0.6888971656547066
0.034914075218406726
0.11137676534525832
0.1805511027448704
0.03297217002490821
0.003374166953539912
0.1199292342850878
0.41215269806657095
0.6302975427029264
0.4430985971545801
0.47906133007238705
0.2817879731051385
0.21731637584277302
0.360397210519382
0.34407483431947933
0.14227897807582005
0.45671949751492785
0.18645432878647503
0.31251802325127603
0.6743826315586676
0.16927931855253883
0.3258244338695791
0.0022644236749468074
0.2927606626512777
0.29576077788359706
0.26305072952806613
0.1365826718630601
0.3481427038808519
0.4625438962975762
0.05737710972088171
0.057402145739408265
0.5265430965417669
0.16910161267328863
0.21834534409313816
0.03959657593358425
0.27272856120230826
0.029189041633442214
0.007433258892798885
0.18645432878647503
0.07888399328929514
0.13288522105321357
0.9058920044388348
0.39192992888201494
0.27876678026315554
0.14911162519122725
0.11055200454844419
0.02549709206965167
0.6605126526418754
0.0621385835117848
0.3419885837424972
0.07019370484594777
0.07608247353121136
0.05992083793628813
0.03447803863602853
0.03641100583291814
0.03602319151627999
0.684022027108905
0.0653948481092703
0.5682025180143455
0.0537336286796639
0.4311531879677234
0.055174278540504954
0.007770463148298994
0.28587711986800385
0.36763806601568505
0.15550992217333184
0.014453961438060573
0.5288086642235913
0.3127567357254399
0.18397780876971337
0.013816604641044233
0.1419603266845644
0.22653998439780723
0.005091598397405209
0.2886953032494222
0.07890749189530327
0.044192473257429345
0.3051159919950824
0.03192003142004582
0.34010082202258596
0.18787679959603276
0.5429369073576719
0.051881747049663536
0.2238141123275227
0.24173211739325368
0.2852847709343576
0.21534642697637638
0.08135020235480209
0.3006589855891848
0.9933800348285508
0.6460301933486055
0.556673606791372
0.9439569431038192
0.5722380147154106
0.9827622272390198
0.9306735253364058
0.9686687707513931
0.0007833335461322089
0.2114414993873386
0.9654615665646598
0.322271931707219
0.9479131994567326
0.25499240939462814
0.8481093016664287
0.7341088217093388
0.8505360852577527
0.9566099417164012
0.8512848488007694
0.5253197154386333
0.029402165182466522
0.8015010044418301
0.8560190851747854
0.9511992155554247
0.9387987184234814
0.9832555000678561
0.8407109329570926
0.8330407424945356
0.9885911723780245
0.5553942573637821
0.9995527213869027
0.9075995919945863
0.9808137783282581
0.9952398925989743
0.9980520514483164
0.6171536813978168
0.07203660887466316
0.9283039000253923
0.8498751442486455
0.9874111702728474
0.9578465712499797
0.1254037674355559
0.876632776756109
0.9428331163279069
0.8505223607612862
0.9197426237696098
0.027630679088238262
0.1387631652488298
0.9827178292374935
0.9518026255347742
0.9999684149912204
0.9786766199827318
0.7959161091610931
0.9438267260677133
0.7045652451777854
0.827872492977822
0.8278551775604536
0.533595184097961
0.9643567778435138
0.5404501078800005
0.6857725640479847
0.7597310174933478
0.6915459010307741
0.9706691587811316
0.9510203117298429
0.6722371255851258
0.9156841146965286
0.5285842165922404
0.5418159592025736
0.3463386910861441
0.4408941602133488
0.4888630354437103
0.7177566042657046
0.6771520283154989
0.954405720306842
0.9970829064788889
0.6952978369485616
0.4554283890692686
0.9907446462111763
0.8297336300864308
0.8616726732157582
0.19901061577005885
0.8384957617932016
0.9269012682119644
0.798361816872066
0.9636338501073184
0.8996151584368639
0.970720863066066
0.4956142472282291
0.9039005435704978
0.9578102056097919
0.7561646992725064
0.7521607022785337
0.9930198830818178
0.8540294012283356
0.929357995660833
0.5417665079708325
0.2626712977659818
0.4552523697592486
0.9222507089626387
0.06126609431164269
0.2925169199544394
0.12653910813390473
0.7435864737215012
0.004785573416450298
0.29427765654782034
0.045182941564951264
0.000937697114535464
0.21079815797074772
0.6559069254401783
0.041268328921503214
0.023326486143525935
0.32994819479517645
0.5018750155019136
0.626956805118379
0.3933774969009207
0.1999681790867445
0.2128017466838931
0.39199691596561687
0.02563911293179555
0.028864538414279394
0.10611616524224775
0.28609895913855354
0.2675227767769501
0.011056064957996267
0.007592073234151875
0.014646112623294787
0.5496690878106487
0.22123936843290976
0.3636448101033905
0.021379982278391236
0.16120672157541133
0.9084907880411466
0.5650817856723848
0.4759466432590166
0.11070169782511055
0.041581199390800225
0.335098672892966
0.3913602999447269
0.02033405585503704
0.137551763596734
0.06420686063465578
0.47915288951952417
0.0010237291430462256
0.7905726541981924
0.010445107282346296
0.09932183130196642
0.0005090945171285962
0.034933867933145
0.30087107944012664
0.43572452028821024
0.6231483189346534
0.7600143207431295
0.03191270824882764
0.6188833724264188
0.16695624823775534
0.43857154246009544
0.11594925487235047
0.17468703222637477
0.3499404597492065
0.2595939991209053
0.08715177746648221
0.0774346468110218
0.03984899963079983
0.13822850953079915
0.2510829877956982
0.1512458691564263
0.15686202054680784
0.02185136027367772
0.10031198280842536
0.054798969668554916
0.05699438020818414
0.5883018453212348
0.4625056782003972
0.1738591944113707
0.09268928508967876
0.41697894566155114
0.330466656715285
0.41329021250003267
0.1394156030378151
0.0674002493907073
0.22248732344078168
0.7875872804992654
0.37758436827948644
0.03665649713831056
0.020004555612807576
0.6972925941888402
0.19977850760961782
0.24970845782424234
0.7212194325143946
0.21112435276288866
0.15308206787228187
0.05406685033698726
0.00231980272991867
0.4673991507457834
0.006360309037635469
0.7754057929456599
0.4546186106404463
0.09220764671518035
0.7534547062742433
0.754792116370552
0.4692340345808462
0.8946444172904803
0.8977486638887124
0.6279704385674892
0.9878286873689942
0.28829533161060583
0.1834082738660693
0.19145043996231434
0.5770513571650033
0.7202331445477922
0.4439480238337558
0.3973452965477833
0.22293756042387744
0.2950773831119563
0.7753799661887996
0.0911765610040526
0.9265096975127511
0.7129035091375536
0.9048334553428549
0.9447294681157757
0.9999941561915303
0.8034774932761556
0.6337995280916775
0.5926996515275512
0.899466299060899
0.9999799369349518
0.48631005482222134
0.9338995287701743
0.5089232280438974
0.9994733626047574
0.5671319205660623
0.5488716195231694
0.08603174040578514
0.4412425469998233
0.9731581067506031
0.9464233821187055
0.7758622918155998
0.6774676694609794
0.5385533168774571
0.4130527591245553
0.08576442953994574
0.4471511642629411
0.3072178173102016
0.9616040085907841
0.7680562968328299
0.6355611291420645
0.8053112067956409
0.0927425582257662
0.728573462854654
0.6782564622556032
0.17326734213659617
0.9033755156714198
0.7825412488878909
0.8643564793632766
0.45918463054941916
0.9762770969574408
0.9761867345093123
0.9753012940443998
0.9990765342741639
0.4580787835006838
0.9419037584090282
0.3615784998109199
0.5624363485186666
0.8175032561749076
0.5265312155484826
0.903900034351184
0.9949038753751739
0.43643915722819504
0.9402585334491828
0.33408107150864114
0.8998933539585409
0.5009340031647169
0.9442101118690025
0.508247227089014
0.9780386212645292
0.976440299793168
0.4888119697889359
0.6491376369348146
0.7439074541104501
0.7751684004121363
0.9708327634833687
0.22975379943725183
0.9945938762106552
0.5939379819544195
0.9382301366237283
0.6012793602547203
0.2902069784701555
0.9208942086424216
0.8205918145843096
0.4463052116469149
0.3782355370673031
0.9935966806735996
0.023812600306165606
0.294246784191145
0.9724492921935743
0.5283138375920862
0.7668191732076616
0.28105885570144745
0.9057337422424255
0.06966718632585166
0.15001293563164209
0.0014834335343162804
0.4109509436536801
0.34805140953735064
0.12032758342421712
0.09500947108995067
0.03741621466791645
0.0836579460608666
0.49416722029250437
0.5011019716640918
0.03975323419431633
0.06001885558260038
0.27328160622113
0.5731039353367864
0.15417285670445732
0.27044740406152207
0.15749583836681208
0.36066997828095254
0.3261768797693519
0.28289524015979445
0.19633207568400232
0.16175876447526405
0.02745417240690378
0.5822049956729874
0.5555570414512542
0.5297715152402173
0.3198593469375619
0.39226837745950927
0.7863832485875636
0.09031499945609597
0.35574951263916926
0.007375955252731989
0.26371107164011154
0.20639957828306632
0.19512047061457907
0.537079029663279
0.040231803077348555
0.02591122395366323
0.21540291953245086
0.9622911986461142
0.5528759141642482
0.023418452582500814
0.04588544042020683
0.06680487305673143
0.07498907305883659
0.5170356226505272
0.013388914299585527
0.6653086788109549
0.6234347065452246
0.29264966872127096
0.22467153530632006
0.18068857381637152
0.2555364164140245
0.18309746378526498
0.5910754223452438
0.4547455484320289
0.4004370676236044
0.4655002635839815
0.19482105519378248
0.07522920847737181
0.09466074635663373
0.5454018392730452
0.15267970394453076
0.06496404908137403
0.36162050203286544
0.3550075489707926
0.3902534559996629
0.37963113359109624
0.7957704205856941
0.2282535136843344
0.3507723860610054
0.4005673528414454
0.11480042772306376
0.2553247954419783
0.720519421844245
0.24029345924050133
0.3244635041684443
0.11325078996809418
0.3160047844376313
0.01894779899299021
0.5119884066859524
0.17010798650370515
0.14043935072476477
0.22515030040782422
0.06646130376418627
0.0022464742770879876
0.32267407762106626
0.6453793263418707
0.03230889992379334
0.1346126663539476
0.6730045423438829
0.07850804426378336
0.49222678638712836
0.3170681897802799
0.3269619471281216
0.06750915921568436
0.10087173445107757
0.2165810489577437
0.2592596486519722
0.9953742972961026
0.8347770576115898
0.866043943571309
0.22149759135505698
0.7748838098710404
0.7082688723429427
0.9483434784557113
0.8518424570596903
0.9707680273051913
0.38828481308102614
0.6767451427760137
0.9563607584695998
0.7121626898487327
0.6578442129333387
0.4569784422980201
0.9019059495115613
0.9054680533634898
0.9193215265879
0.7889367542564913
0.7886573520256813
0.8235488431457054
0.8916343422309186
0.8883965729702751
0.05670788606596398
0.7226077263848716
0.9857574265337737
0.08015040855597594
0.8036054650057096
0.772522377758908
0.9994361948732743
0.45533518621064245
0.9403658196269801
0.5017247946005224
0.9613893948317251
0.5328349233843067
0.31484358773587495
0.5595172452902277
0.23305873668310775
0.7514926673850595
0.9851713620736113
0.6488755707159105
0.4465764433728569
0.976191096540093
0.8816796479729643
0.9315964521300404
0.7876315811970087
0.9773464908357629
0.5153881709375625
0.986508079920679
0.9995914783707416
0.7023479398005495
0.013882055849329224
0.7932127056548082
0.9579187864800908
0.8609050093915747
0.9769577076189347
0.7180198511611909
0.830824949266841
0.6161455577137448
0.5998113415124389
0.7521670815807445
0.8919822353450343
0.9991027649531332
0.9972676026756703
0.7144903096581976
0.6105863205412411
0.2561144794261621
0.9431522442997361
0.8833478497754582
0.5004174260156155
0.9391776536851072
0.7788637762483611
0.32006435212733625
0.21996307248413455
0.6769166363364105
0.21657486556650807
0.7556114167577528
0.8741440208081179
0.8106057277593987
0.813947666041366
0.9172027791780619
0.2538875211345855
0.9885932604723087
0.5471056905349525
0.9307707403799418
0.9858652086654032
0.8458711778109393
0.934799171274851
0.9495887569253568
0.4846081330832373
0.20203197679187662
0.5956311543474639
0.8008050069830488
0.3083115706285287
0.8922947579199105
0.9799719078076445
0.7394402631496876
0.9060225009037237
0.9985902614088228
0.8414161669268937
